3.385165 2.000000
3.374538 2.338137
3.342701 2.674940
3.289779 3.009079
3.215980 3.339236
3.121596 3.664108
3.006999 3.982411
2.872643 4.292892
2.719056 4.594323
2.546845 4.885516
2.356690 5.165320
2.149341 5.432633
1.925616 5.686399
1.686399 5.925616
1.432633 6.149341
1.165320 6.356690
0.885515 6.546845
0.594323 6.719056
0.292892 6.872643
-0.017589 7.006999
-0.335893 7.121596
-0.660764 7.215980
-0.990921 7.289779
-1.325060 7.342701
-1.661863 7.374538
-2.000000 7.385165
-2.338137 7.374538
-2.674940 7.342701
-3.009079 7.289779
-3.339236 7.215980
-3.664108 7.121596
-3.982411 7.006999
-4.292892 6.872643
-4.594322 6.719056
-4.885515 6.546845
-5.165320 6.356690
-5.432633 6.149341
-5.686399 5.925616
-5.925616 5.686399
-6.149341 5.432633
-6.356690 5.165320
-6.546845 4.885515
-6.719056 4.594324
-6.872643 4.292892
-7.006999 3.982412
-7.121596 3.664108
-7.215980 3.339236
-7.289779 3.009079
-7.342701 2.674940
-7.374538 2.338137
-7.385165 2.000000
-7.374538 1.661862
-7.342701 1.325060
-7.289779 0.990921
-7.215980 0.660764
-7.121596 0.335893
-7.006999 0.017589
-6.872643 -0.292892
-6.719056 -0.594323
-6.546845 -0.885516
-6.356689 -1.165321
-6.149341 -1.432633
-5.925616 -1.686399
-5.686399 -1.925616
-5.432632 -2.149341
-5.165319 -2.356691
-4.885517 -2.546844
-4.594324 -2.719055
-4.292892 -2.872642
-3.982412 -3.006999
-3.664108 -3.121596
-3.339236 -3.215980
-3.009080 -3.289779
-2.674940 -3.342701
-2.338137 -3.374538
-2.000000 -3.385165
-1.661862 -3.374538
-1.325060 -3.342701
-0.990920 -3.289778
-0.660763 -3.215980
-0.335892 -3.121596
-0.017588 -3.006999
0.292893 -2.872642
0.594324 -2.719055
0.885514 -2.546846
1.165320 -2.356690
1.432632 -2.149341
1.686398 -1.925617
1.925616 -1.686399
2.149340 -1.432634
2.356689 -1.165321
2.546845 -0.885516
2.719056 -0.594323
2.872643 -0.292892
3.006999 0.017589
3.121596 0.335893
3.215980 0.660764
3.289779 0.990921
3.342701 1.325061
3.374538 1.661864
3.385165 2.000001
